0,610470
1,465771
2,332114
3,229503
4,136990
5,88213
6,71660
7,70622
8,67896
9,67760
10,65544
11,60124
12,59420
13,58826
14,58757
15,58757
16,58100
17,58100
18,58474
19,58124
20,57839
21,58191
22,58191
23,58191
24,58191
25,58191
26,58191
27,57684
28,57684
29,57980
30,57980
31,57980
32,57509
33,57509
34,57509
35,57509
36,57509
37,57509
38,57509
39,57509
40,57509
41,57509
42,57509
43,57509
44,57509
45,57509
46,57509
47,57509
48,57509
49,57509
50,57509
51,57509
52,57509
53,57509
54,47430
55,46740
56,39764
57,39477
58,38578
59,38418
60,38600
61,39026
62,38846
63,38752
64,39032
65,39032
66,39032
67,39032
68,39032
69,39032
70,39032
71,39032
72,39032
73,39032
74,39026
75,34818
76,34598
77,34822
78,34948
79,34866
80,35251
81,35532
82,37008
83,38750
84,41053
85,41386
86,40801
87,40435
88,40586
89,40586
90,40722
91,40781
92,40781
93,40781
94,40426
95,40426
96,40426
97,40426
98,40426
99,40426
100,40426
101,40426
102,40426
103,40426
104,40426
105,34328
106,34328
107,34328
108,34328
109,34328
110,34479
111,34479
112,34479
113,34479
114,34479
115,34479
116,34479
117,34479
118,34479
119,34479
120,34479
121,34479
122,34479
123,34479
124,34479
125,34479
126,34479
127,34479
128,34479
129,34479
130,34479
131,34479
132,34479
133,34479
134,34479
135,34479
136,34479
137,34479
138,34479
139,34479
140,34479
141,34479
142,34479
143,34479
144,34479
145,34479
146,34479
147,34479
148,34479
149,34479
150,34479
151,34479
152,34479
153,34479
154,34479
155,34479
