5 30 29
 
1 4 
 
 5.95  5.95  5.95  5.95  5.95  5.95  5.95  5.95  5.95  5.95  5.95  5.95 11.95 11.95 11.95 11.95 11.95 11.95 11.95 11.95 11.95 11.95 11.95 11.95 11.95 11.95 11.95 11.95 11.95 11.95 

3 
6 
3 
 1.12  2.35  2.50  2.65  2.95  3.30 
17 17 50 23 44 29 

2 
4 
1 
 2.35  2.50  2.65  2.95 
39 17 19 32 

3 
6 
3 
 1.12  1.45  2.35  2.65  2.95  3.30 
47 43 49 35 49 50 

2 
3 
3 
 2.50  2.95  3.30 
32 45 50 

2 
5 
1 
 1.45  2.50  2.65  2.95  3.30 
37 27 33 30 19 

12 2 5 6 8 
5220 4790 4361 4284 3545 
 0.30