5 30 41
 
1 4 
 
 5.95  5.95  5.95  5.95  5.95  5.95  5.95  5.95  5.95  5.95  5.95  5.95  5.95  5.95  5.95  5.95  5.95 11.95 11.95 11.95 11.95 11.95 11.95 11.95 11.95 11.95 11.95 11.95 11.95 11.95 

1 
4 
1 
 1.12  2.35  2.50  2.95 
85 42 75 57 

2 
5 
2 
 1.45  2.35  2.50  2.65  3.30 
93 67 52 69 72 

2 
5 
1 
 1.12  1.45  2.35  2.50  2.65 
88 60 37 59 85 

1 
5 
3 
 1.12  1.45  2.35  2.95  3.30 
53 80 43 68 82 

3 
5 
3 
 1.45  2.35  2.50  2.65  2.95 
88 87 65 54 80 

12 2 5 6 8 
7380 4991 5921 4409 6584 
 0.30