5 30 18
 
1 4 
 
 5.95  5.95  5.95  5.95  5.95  5.95  5.95  5.95  5.95  5.95  5.95  5.95  5.95  5.95  5.95  5.95  5.95 11.95 11.95 11.95 11.95 11.95 11.95 11.95 11.95 11.95 11.95 11.95 11.95 11.95 

1 
5 
2 
 1.45  2.35  2.50  2.95  3.30 
37 44 49 39 38 

2 
5 
1 
 1.12  2.35  2.50  2.65  3.30 
37 41 17 22 32 

2 
3 
3 
 1.45  2.65  3.30 
27 30 28 

1 
5 
1 
 2.35  2.50  2.65  2.95  3.30 
31 48 47 45 18 

2 
5 
1 
 1.12  1.45  2.35  2.65  3.30 
37 25 31 41 35 

12 2 5 6 8 
3240 2771 1911 2605 1696 
 0.30