5 30 32
 
1 4 
 
 5.95  5.95  5.95  5.95  5.95  5.95  5.95  5.95  5.95  5.95  5.95  5.95 11.95 11.95 11.95 11.95 11.95 11.95 11.95 11.95 11.95 11.95 11.95 11.95 11.95 11.95 11.95 11.95 11.95 11.95 

2 
5 
2 
 1.45  2.50  2.65  2.95  3.30 
58 56 75 39 59 

1 
5 
3 
 1.12  2.50  2.65  2.95  3.30 
68 97 90 96 99 

2 
5 
1 
 1.45  2.35  2.65  2.95  3.30 
82 87 73 40 71 

1 
5 
3 
 1.12  1.45  2.35  2.65  2.95 
90 85 68 81 87 

1 
4 
3 
 1.45  2.35  2.65  3.30 
77 99 46 89 

12 2 5 6 8 
5760 4072 3447 1426 3526 
 0.30