5 30 36
 
1 4 
 
 5.95  5.95  5.95  5.95  5.95  5.95  5.95  5.95  5.95  5.95  5.95  5.95  5.95  5.95  5.95  5.95 11.95 11.95 11.95 11.95 11.95 11.95 11.95 11.95 11.95 11.95 11.95 11.95 11.95 11.95 

2 
3 
1 
 1.12  2.50  3.30 
94 53 52 

2 
5 
2 
 1.45  2.35  2.50  2.65  3.30 
35 92 74 47 68 

1 
4 
3 
 1.12  2.35  2.50  2.65 
37 83 36 97 

3 
5 
3 
 1.45  2.35  2.50  2.95  3.30 
41 74 62 82 51 

1 
5 
2 
 1.12  2.35  2.50  2.65  2.95 
93 80 50 84 53 

12 2 5 6 8 
6480 2873 2804 2553 6152 
 0.30