4 30 20
 
1 4 
 
 5.95  5.95  5.95  5.95  5.95  5.95  5.95  5.95  5.95  5.95  5.95  5.95  5.95  5.95 11.95 11.95 11.95 11.95 11.95 11.95 11.95 11.95 11.95 11.95 11.95 11.95 11.95 11.95 11.95 11.95 

3 
6 
2 
 1.12  1.45  2.35  2.50  2.95  3.30 
29 33 48 17 22 33 

2 
6 
1 
 1.45  2.35  2.50  2.65  2.95  3.30 
23 35 46 21 46 47 

1 
6 
1 
 1.12  1.45  2.35  2.65  2.95  3.30 
41 28 30 34 47 43 

1 
6 
1 
 1.45  2.35  2.50  2.65  2.95  3.30 
28 17 45 34 29 24 

12 2 5 6 8 
2400 611 1267 717 1331 
 0.30