7 30 39
 
1 4 
 
 5.95  5.95  5.95  5.95  5.95  5.95  5.95  5.95  5.95  5.95  5.95  5.95  5.95  5.95  5.95  5.95  5.95  5.95 11.95 11.95 11.95 11.95 11.95 11.95 11.95 11.95 11.95 11.95 11.95 11.95 

2 
6 
1 
 1.12  1.45  2.35  2.50  2.65  2.95 
47 32 36 33 19 47 

1 
6 
1 
 1.12  1.45  2.35  2.50  2.65  3.30 
34 18 46 32 35 36 

3 
6 
2 
 1.12  1.45  2.50  2.65  2.95  3.30 
29 42 20 37 31 41 

1 
6 
1 
 1.12  1.45  2.50  2.65  2.95  3.30 
26 17 29 31 27 26 

1 
6 
3 
 1.12  1.45  2.35  2.50  2.65  3.30 
22 49 35 25 36 48 

3 
6 
2 
 1.12  1.45  2.35  2.65  2.95  3.30 
41 23 24 50 37 27 

3 
6 
3 
 1.12  2.35  2.50  2.65  2.95  3.30 
20 29 25 36 37 27 

12 2 5 6 8 
7020 1708 5384 6981 2316 
 0.30