7 30 36
 
1 4 
 
 5.95  5.95  5.95  5.95  5.95  5.95  5.95  5.95  5.95  5.95  5.95 11.95 11.95 11.95 11.95 11.95 11.95 11.95 11.95 11.95 11.95 11.95 11.95 11.95 11.95 11.95 11.95 11.95 11.95 11.95 

1 
6 
3 
 1.12  2.35  2.50  2.65  2.95  3.30 
30 23 46 36 29 24 

1 
6 
2 
 1.12  2.35  2.50  2.65  2.95  3.30 
43 31 18 36 22 41 

2 
6 
1 
 1.12  1.45  2.35  2.65  2.95  3.30 
34 27 40 29 36 47 

3 
6 
3 
 1.12  1.45  2.35  2.50  2.65  2.95 
46 28 21 34 46 30 

3 
6 
2 
 1.12  1.45  2.35  2.65  2.95  3.30 
32 33 33 24 19 19 

3 
6 
1 
 1.12  2.35  2.50  2.65  2.95  3.30 
34 41 37 37 31 25 

2 
6 
1 
 1.45  2.35  2.50  2.65  2.95  3.30 
36 39 39 31 21 42 

12 2 5 6 8 
6480 6336 1459 5627 5629 
 0.30