6 15 51
 
1 4 
 
 5.95  5.95  5.95  5.95 11.95 11.95 11.95 11.95 11.95 11.95 11.95 11.95 11.95 11.95 11.95 

1 
6 
1 
 1.45  2.35  2.50  2.65  2.95  3.30 
32 35 27 42 23 40 

1 
6 
2 
 1.12  2.35  2.50  2.65  2.95  3.30 
38 29 44 35 28 48 

3 
6 
2 
 1.12  1.45  2.35  2.50  2.65  2.95 
48 31 23 47 50 31 

1 
6 
1 
 1.12  1.45  2.35  2.50  2.65  2.95 
44 17 48 41 33 36 

1 
6 
2 
 1.12  1.45  2.35  2.50  2.95  3.30 
44 20 25 28 40 21 

3 
6 
1 
 1.12  1.45  2.50  2.65  2.95  3.30 
47 37 38 46 44 36 

12 2 5 6 8 
3060 1811 1023 3008 2357 
 0.30