5 30 30
 
1 4 
 
 5.95  5.95  5.95  5.95  5.95  5.95  5.95  5.95  5.95  5.95  5.95  5.95  5.95  5.95  5.95  5.95  5.95  5.95  5.95  5.95  5.95  5.95 11.95 11.95 11.95 11.95 11.95 11.95 11.95 11.95 

1 
6 
3 
 1.12  1.45  2.35  2.65  2.95  3.30 
35 40 22 43 30 47 

1 
6 
1 
 1.12  1.45  2.35  2.50  2.65  2.95 
29 17 37 33 27 42 

3 
6 
1 
 1.12  2.35  2.50  2.65  2.95  3.30 
40 18 18 26 19 47 

3 
6 
2 
 1.12  1.45  2.50  2.65  2.95  3.30 
34 47 30 24 19 48 

2 
6 
2 
 1.12  1.45  2.50  2.65  2.95  3.30 
40 48 22 30 27 40 

12 2 5 6 8 
5400 3456 2759 4955 4001 
 0.30