6 15 65
 
1 4 
 
 5.95  5.95  5.95  5.95  5.95  5.95  5.95  5.95  5.95  5.95 11.95 11.95 11.95 11.95 11.95 

3 
6 
2 
 1.12  1.45  2.35  2.50  2.65  2.95 
39 41 47 50 43 36 

3 
6 
2 
 1.12  1.45  2.35  2.50  2.65  2.95 
23 21 23 21 23 18 

2 
6 
1 
 1.12  1.45  2.35  2.65  2.95  3.30 
31 24 49 19 20 21 

1 
6 
2 
 1.12  1.45  2.35  2.65  2.95  3.30 
30 21 18 48 27 27 

1 
6 
2 
 1.12  1.45  2.35  2.50  2.65  3.30 
50 35 41 50 26 31 

2 
6 
3 
 1.12  1.45  2.35  2.50  2.95  3.30 
20 42 42 36 23 37 

12 2 5 6 8 
5850 1504 2305 1421 3237 
 0.30