6 30 35
 
1 4 
 
 5.95  5.95  5.95  5.95  5.95  5.95  5.95  5.95  5.95  5.95  5.95  5.95  5.95  5.95  5.95  5.95  5.95 11.95 11.95 11.95 11.95 11.95 11.95 11.95 11.95 11.95 11.95 11.95 11.95 11.95 

3 
6 
3 
 1.12  1.45  2.50  2.65  2.95  3.30 
41 36 17 32 38 34 

2 
6 
3 
 1.12  1.45  2.50  2.65  2.95  3.30 
44 33 42 31 50 50 

3 
6 
2 
 1.12  2.35  2.50  2.65  2.95  3.30 
47 26 39 39 21 30 

1 
6 
3 
 1.45  2.35  2.50  2.65  2.95  3.30 
41 17 39 31 31 20 

3 
6 
1 
 1.12  1.45  2.35  2.50  2.95  3.30 
21 19 19 22 28 27 

1 
6 
2 
 1.12  2.35  2.50  2.65  2.95  3.30 
47 19 31 45 30 37 

12 2 5 6 8 
6300 2563 5786 4251 3799 
 0.30