7 30 39
 
1 4 
 
 5.95  5.95  5.95  5.95  5.95  5.95  5.95  5.95  5.95  5.95  5.95  5.95  5.95  5.95  5.95 11.95 11.95 11.95 11.95 11.95 11.95 11.95 11.95 11.95 11.95 11.95 11.95 11.95 11.95 11.95 

3 
6 
3 
 1.12  1.45  2.50  2.65  2.95  3.30 
25 30 31 45 45 32 

2 
6 
3 
 1.12  1.45  2.35  2.50  2.95  3.30 
27 20 29 28 28 44 

2 
6 
2 
 1.12  1.45  2.35  2.50  2.95  3.30 
47 34 26 35 36 31 

1 
6 
3 
 1.12  1.45  2.35  2.50  2.65  2.95 
27 28 23 43 19 49 

1 
6 
1 
 1.12  1.45  2.35  2.50  2.65  3.30 
44 43 32 27 40 50 

3 
6 
3 
 1.12  1.45  2.35  2.50  2.65  3.30 
43 36 44 36 49 46 

2 
6 
3 
 1.12  2.35  2.50  2.65  2.95  3.30 
44 49 19 41 24 30 

12 2 5 6 8 
7020 5358 6640 5266 4596 
 0.30