7 30 45
 
1 4 
 
 5.95  5.95  5.95  5.95  5.95  5.95  5.95  5.95  5.95  5.95  5.95  5.95  5.95  5.95  5.95  5.95  5.95  5.95 11.95 11.95 11.95 11.95 11.95 11.95 11.95 11.95 11.95 11.95 11.95 11.95 

1 
6 
3 
 1.12  1.45  2.35  2.50  2.65  2.95 
26 28 26 22 30 40 

1 
6 
2 
 1.12  1.45  2.35  2.65  2.95  3.30 
49 19 26 50 43 33 

3 
6 
2 
 1.12  1.45  2.35  2.50  2.65  3.30 
34 48 42 36 49 45 

3 
6 
2 
 1.12  1.45  2.35  2.50  2.95  3.30 
50 37 25 21 35 45 

3 
6 
3 
 1.12  1.45  2.50  2.65  2.95  3.30 
21 21 46 37 26 46 

1 
6 
2 
 1.12  1.45  2.35  2.50  2.95  3.30 
33 47 48 44 41 42 

3 
6 
1 
 1.12  1.45  2.35  2.50  2.65  2.95 
32 47 29 21 36 46 

12 2 5 6 8 
8100 6419 4578 5950 6151 
 0.30