7 15 113
 
1 4 
 
 5.95  5.95  5.95  5.95  5.95  5.95  5.95  5.95  5.95  5.95  5.95 11.95 11.95 11.95 11.95 

3 
6 
2 
 1.12  2.35  2.50  2.65  2.95  3.30 
30 30 37 22 23 20 

1 
6 
3 
 1.12  1.45  2.35  2.50  2.95  3.30 
40 24 32 30 35 50 

3 
6 
3 
 1.12  1.45  2.50  2.65  2.95  3.30 
28 20 42 42 35 28 

3 
6 
2 
 1.45  2.35  2.50  2.65  2.95  3.30 
43 29 42 47 25 21 

1 
6 
2 
 1.45  2.35  2.50  2.65  2.95  3.30 
28 24 48 40 49 31 

3 
6 
1 
 1.12  2.35  2.50  2.65  2.95  3.30 
26 30 46 37 50 23 

3 
6 
3 
 1.12  1.45  2.35  2.65  2.95  3.30 
42 30 31 49 36 45 

12 2 5 6 8 
10170 2732 6106 6278 2767 
 0.30