7 15 53
 
1 4 
 
 5.95  5.95  5.95  5.95  5.95  5.95  5.95 11.95 11.95 11.95 11.95 11.95 11.95 11.95 11.95 

1 
6 
1 
 1.12  2.35  2.50  2.65  2.95  3.30 
38 47 23 30 50 30 

2 
6 
3 
 1.12  1.45  2.35  2.50  2.65  3.30 
18 40 34 19 47 28 

1 
6 
1 
 1.12  1.45  2.35  2.50  2.65  2.95 
45 18 32 28 38 24 

2 
6 
2 
 1.12  1.45  2.35  2.50  2.95  3.30 
24 32 49 43 32 28 

1 
6 
3 
 1.12  1.45  2.35  2.50  2.65  3.30 
20 46 17 27 23 48 

1 
6 
2 
 1.12  1.45  2.35  2.50  2.95  3.30 
18 38 44 40 28 49 

2 
6 
3 
 1.12  2.35  2.50  2.65  2.95  3.30 
44 36 36 26 40 44 

12 2 5 6 8 
4770 3531 4403 4421 3806 
 0.30