6 15 51
 
1 4 
 
 5.95  5.95  5.95  5.95  5.95  5.95  5.95  5.95  5.95 11.95 11.95 11.95 11.95 11.95 11.95 

2 
6 
3 
 1.12  1.45  2.35  2.65  2.95  3.30 
39 38 26 31 17 50 

1 
6 
1 
 1.12  1.45  2.50  2.65  2.95  3.30 
50 27 40 39 35 40 

2 
6 
1 
 1.45  2.35  2.50  2.65  2.95  3.30 
38 29 23 31 33 21 

2 
6 
1 
 1.12  1.45  2.35  2.65  2.95  3.30 
46 44 25 37 17 31 

1 
6 
1 
 1.12  1.45  2.35  2.50  2.65  3.30 
30 44 41 49 35 28 

1 
6 
2 
 1.12  1.45  2.35  2.50  2.95  3.30 
49 25 39 26 39 40 

12 2 5 6 8 
4590 4019 2183 3784 3398 
 0.30