6 15 62
 
1 4 
 
 5.95  5.95  5.95  5.95  5.95  5.95  5.95  5.95  5.95  5.95 11.95 11.95 11.95 11.95 11.95 

1 
6 
2 
 1.12  1.45  2.50  2.65  2.95  3.30 
41 18 26 18 20 44 

3 
6 
1 
 1.12  1.45  2.35  2.50  2.65  3.30 
40 39 22 21 33 49 

2 
6 
2 
 1.12  1.45  2.50  2.65  2.95  3.30 
44 25 48 28 23 25 

2 
6 
2 
 1.12  1.45  2.35  2.65  2.95  3.30 
43 48 21 36 32 17 

2 
6 
1 
 1.12  1.45  2.35  2.50  2.65  2.95 
22 45 35 50 19 32 

1 
6 
3 
 1.12  2.35  2.50  2.65  2.95  3.30 
21 46 36 35 21 46 

12 2 5 6 8 
5580 1455 2187 1666 1937 
 0.30