5 30 27
 
1 4 
 
 5.95  5.95  5.95  5.95  5.95  5.95  5.95  5.95  5.95  5.95  5.95  5.95  5.95  5.95 11.95 11.95 11.95 11.95 11.95 11.95 11.95 11.95 11.95 11.95 11.95 11.95 11.95 11.95 11.95 11.95 

3 
6 
3 
 1.12  1.45  2.35  2.50  2.65  3.30 
49 33 42 17 37 36 

3 
6 
2 
 1.45  2.35  2.50  2.65  2.95  3.30 
25 19 38 17 19 21 

2 
6 
3 
 1.12  1.45  2.35  2.50  2.65  2.95 
43 28 32 29 40 36 

2 
6 
2 
 1.12  1.45  2.35  2.65  2.95  3.30 
30 33 25 18 50 41 

1 
6 
1 
 1.12  1.45  2.35  2.50  2.95  3.30 
17 20 44 41 43 38 

12 2 5 6 8 
4860 2842 4397 2063 3302 
 0.30