7 30 38
 
1 4 
 
 5.95  5.95  5.95  5.95  5.95  5.95  5.95  5.95  5.95  5.95  5.95  5.95  5.95  5.95  5.95  5.95  5.95  5.95 11.95 11.95 11.95 11.95 11.95 11.95 11.95 11.95 11.95 11.95 11.95 11.95 

2 
6 
3 
 1.12  1.45  2.35  2.65  2.95  3.30 
50 34 46 19 50 48 

2 
6 
2 
 1.12  1.45  2.35  2.50  2.95  3.30 
32 31 24 23 45 41 

2 
6 
3 
 1.12  1.45  2.35  2.50  2.65  3.30 
22 17 31 33 22 39 

1 
6 
1 
 1.45  2.35  2.50  2.65  2.95  3.30 
29 38 25 36 50 45 

1 
6 
3 
 1.45  2.35  2.50  2.65  2.95  3.30 
36 21 47 38 22 36 

3 
6 
3 
 1.12  1.45  2.35  2.65  2.95  3.30 
48 39 30 42 44 37 

1 
6 
3 
 1.12  1.45  2.35  2.50  2.65  3.30 
40 38 42 50 30 25 

12 2 5 6 8 
6840 4456 2393 4277 3311 
 0.30