7 15 60
 
1 4 
 
 5.95  5.95  5.95  5.95  5.95  5.95 11.95 11.95 11.95 11.95 11.95 11.95 11.95 11.95 11.95 

1 
6 
1 
 1.12  1.45  2.35  2.65  2.95  3.30 
34 28 20 22 23 39 

2 
6 
3 
 1.12  1.45  2.50  2.65  2.95  3.30 
36 40 41 39 41 29 

2 
6 
1 
 1.45  2.35  2.50  2.65  2.95  3.30 
29 21 31 20 37 17 

2 
6 
3 
 1.12  1.45  2.35  2.65  2.95  3.30 
25 49 38 37 22 20 

1 
6 
3 
 1.12  1.45  2.50  2.65  2.95  3.30 
35 34 45 46 43 27 

2 
6 
3 
 1.12  1.45  2.35  2.50  2.95  3.30 
45 36 49 19 36 26 

3 
6 
1 
 1.12  1.45  2.35  2.50  2.65  2.95 
35 18 18 44 32 30 

12 2 5 6 8 
5400 4845 2500 3889 5292 
 0.30