6 30 33
 
1 4 
 
 5.95  5.95  5.95  5.95  5.95  5.95  5.95  5.95  5.95  5.95  5.95  5.95 11.95 11.95 11.95 11.95 11.95 11.95 11.95 11.95 11.95 11.95 11.95 11.95 11.95 11.95 11.95 11.95 11.95 11.95 

3 
6 
3 
 1.12  1.45  2.35  2.65  2.95  3.30 
40 22 49 35 40 18 

3 
6 
3 
 1.12  1.45  2.35  2.50  2.95  3.30 
48 44 36 31 25 42 

1 
6 
1 
 1.12  1.45  2.35  2.50  2.95  3.30 
49 32 19 46 38 29 

3 
6 
1 
 1.12  1.45  2.35  2.50  2.95  3.30 
49 26 48 24 29 19 

2 
6 
1 
 1.12  1.45  2.35  2.65  2.95  3.30 
36 35 26 25 32 24 

3 
6 
3 
 1.12  1.45  2.35  2.50  2.95  3.30 
38 21 24 23 18 20 

12 2 5 6 8 
5940 5866 5682 4404 5885 
 0.30