6 30 21
 
1 4 
 
 5.95  5.95  5.95  5.95  5.95  5.95  5.95  5.95  5.95  5.95  5.95  5.95 11.95 11.95 11.95 11.95 11.95 11.95 11.95 11.95 11.95 11.95 11.95 11.95 11.95 11.95 11.95 11.95 11.95 11.95 

2 
6 
3 
 1.12  1.45  2.35  2.65  2.95  3.30 
35 33 47 44 41 18 

1 
6 
1 
 1.45  2.35  2.50  2.65  2.95  3.30 
24 41 50 46 19 29 

2 
6 
3 
 1.12  1.45  2.35  2.50  2.65  2.95 
43 20 26 25 35 20 

2 
6 
1 
 1.12  1.45  2.35  2.65  2.95  3.30 
26 44 33 43 30 26 

1 
6 
3 
 1.12  1.45  2.35  2.50  2.65  2.95 
41 35 20 38 21 21 

1 
6 
1 
 1.12  1.45  2.35  2.50  2.65  2.95 
41 35 27 22 38 50 

12 2 5 6 8 
3780 2825 1973 3729 1972 
 0.30