4 30 14
 
1 4 
 
 5.95  5.95  5.95  5.95  5.95  5.95  5.95  5.95  5.95  5.95  5.95  5.95  5.95 11.95 11.95 11.95 11.95 11.95 11.95 11.95 11.95 11.95 11.95 11.95 11.95 11.95 11.95 11.95 11.95 11.95 

1 
6 
3 
 1.45  2.35  2.50  2.65  2.95  3.30 
31 41 25 20 32 38 

1 
6 
2 
 1.12  1.45  2.35  2.65  2.95  3.30 
27 26 25 48 46 30 

2 
6 
2 
 1.12  1.45  2.35  2.50  2.65  3.30 
36 48 47 33 32 27 

1 
6 
3 
 1.12  2.35  2.50  2.65  2.95  3.30 
37 27 49 47 23 17 

12 2 5 6 8 
2520 1710 1722 1545 519 
 0.30