6 30 33
 
1 4 
 
 5.95  5.95  5.95  5.95  5.95  5.95  5.95  5.95  5.95  5.95  5.95  5.95  5.95  5.95  5.95  5.95  5.95 11.95 11.95 11.95 11.95 11.95 11.95 11.95 11.95 11.95 11.95 11.95 11.95 11.95 

3 
6 
3 
 1.12  1.45  2.35  2.50  2.65  2.95 
43 48 20 23 20 33 

1 
6 
3 
 1.12  1.45  2.35  2.50  2.95  3.30 
18 34 31 50 44 33 

3 
6 
1 
 1.45  2.35  2.50  2.65  2.95  3.30 
45 27 35 50 35 28 

2 
6 
2 
 1.12  1.45  2.35  2.50  2.65  3.30 
24 41 38 37 39 18 

2 
6 
2 
 1.12  1.45  2.35  2.50  2.65  3.30 
46 29 32 49 18 50 

1 
6 
3 
 1.12  1.45  2.35  2.65  2.95  3.30 
25 28 22 28 21 47 

12 2 5 6 8 
5940 2815 4686 4965 3777 
 0.30