6 30 32
 
1 4 
 
 5.95  5.95  5.95  5.95  5.95  5.95  5.95  5.95  5.95  5.95  5.95  5.95  5.95  5.95  5.95  5.95  5.95  5.95  5.95 11.95 11.95 11.95 11.95 11.95 11.95 11.95 11.95 11.95 11.95 11.95 

2 
6 
2 
 1.12  2.35  2.50  2.65  2.95  3.30 
37 18 18 22 17 31 

3 
6 
2 
 1.45  2.35  2.50  2.65  2.95  3.30 
34 26 20 34 36 42 

1 
6 
2 
 1.12  1.45  2.50  2.65  2.95  3.30 
25 36 46 30 20 32 

1 
6 
2 
 1.12  1.45  2.35  2.50  2.65  2.95 
41 25 43 19 30 17 

1 
6 
1 
 1.12  1.45  2.35  2.65  2.95  3.30 
19 31 22 17 49 31 

3 
6 
3 
 1.12  1.45  2.35  2.50  2.95  3.30 
37 47 47 37 28 46 

12 2 5 6 8 
5760 4454 1978 2703 2017 
 0.30