4 30 24
 
1 4 
 
 5.95  5.95  5.95  5.95  5.95  5.95  5.95  5.95  5.95  5.95  5.95  5.95  5.95  5.95  5.95  5.95  5.95 11.95 11.95 11.95 11.95 11.95 11.95 11.95 11.95 11.95 11.95 11.95 11.95 11.95 

3 
6 
2 
 1.12  2.35  2.50  2.65  2.95  3.30 
27 20 45 30 43 23 

1 
6 
3 
 1.45  2.35  2.50  2.65  2.95  3.30 
28 41 17 29 48 35 

2 
6 
2 
 1.45  2.35  2.50  2.65  2.95  3.30 
34 35 24 36 21 18 

3 
6 
2 
 1.12  1.45  2.35  2.50  2.65  2.95 
49 50 18 33 46 25 

12 2 5 6 8 
4320 2176 3990 3215 2173 
 0.30