5 30 24
 
1 4 
 
 5.95  5.95  5.95  5.95  5.95  5.95  5.95  5.95  5.95  5.95  5.95  5.95  5.95  5.95 11.95 11.95 11.95 11.95 11.95 11.95 11.95 11.95 11.95 11.95 11.95 11.95 11.95 11.95 11.95 11.95 

2 
6 
1 
 1.12  2.35  2.50  2.65  2.95  3.30 
19 48 35 29 29 22 

1 
6 
2 
 1.12  1.45  2.50  2.65  2.95  3.30 
41 33 45 23 21 17 

1 
6 
2 
 1.12  1.45  2.35  2.50  2.95  3.30 
45 19 25 44 30 32 

3 
6 
3 
 1.12  1.45  2.35  2.50  2.65  3.30 
41 49 50 50 22 49 

2 
6 
1 
 1.45  2.35  2.50  2.65  2.95  3.30 
47 31 26 18 24 25 

12 2 5 6 8 
4320 2274 1724 3119 1971 
 0.30