7 15 89
 
1 4 
 
 5.95  5.95  5.95  5.95  5.95  5.95  5.95  5.95 11.95 11.95 11.95 11.95 11.95 11.95 11.95 

1 
6 
3 
 1.12  1.45  2.35  2.50  2.95  3.30 
40 17 34 18 45 28 

3 
6 
1 
 1.45  2.35  2.50  2.65  2.95  3.30 
43 20 25 25 20 46 

3 
6 
3 
 1.12  1.45  2.35  2.65  2.95  3.30 
42 35 31 26 42 47 

3 
6 
2 
 1.12  2.35  2.50  2.65  2.95  3.30 
34 39 44 24 37 20 

2 
6 
3 
 1.12  1.45  2.35  2.50  2.65  2.95 
40 20 30 27 27 20 

2 
6 
1 
 1.12  1.45  2.35  2.50  2.95  3.30 
30 22 36 37 24 34 

3 
6 
2 
 1.12  1.45  2.35  2.50  2.95  3.30 
23 21 44 38 17 47 

12 2 5 6 8 
8010 7083 4055 2144 6305 
 0.30