5 30 29
 
1 4 
 
 5.95  5.95  5.95  5.95  5.95  5.95  5.95  5.95  5.95  5.95  5.95  5.95  5.95  5.95  5.95  5.95  5.95  5.95 11.95 11.95 11.95 11.95 11.95 11.95 11.95 11.95 11.95 11.95 11.95 11.95 

1 
6 
3 
 1.12  2.35  2.50  2.65  2.95  3.30 
45 24 43 39 17 43 

3 
6 
2 
 1.12  2.35  2.50  2.65  2.95  3.30 
33 31 43 42 32 18 

1 
6 
3 
 1.12  1.45  2.35  2.50  2.95  3.30 
35 20 18 48 50 29 

2 
6 
1 
 1.12  1.45  2.35  2.50  2.65  2.95 
48 17 45 43 50 24 

3 
6 
2 
 1.12  1.45  2.35  2.65  2.95  3.30 
42 18 38 36 29 24 

12 2 5 6 8 
5220 1823 3070 4545 1633 
 0.30