5 30 29
 
1 4 
 
 5.95  5.95  5.95  5.95  5.95  5.95  5.95  5.95  5.95  5.95  5.95  5.95  5.95  5.95  5.95  5.95  5.95  5.95 11.95 11.95 11.95 11.95 11.95 11.95 11.95 11.95 11.95 11.95 11.95 11.95 

1 
6 
1 
 1.12  1.45  2.35  2.50  2.65  3.30 
21 38 30 50 26 41 

2 
6 
1 
 1.12  1.45  2.50  2.65  2.95  3.30 
28 24 39 50 38 19 

2 
6 
1 
 1.12  1.45  2.50  2.65  2.95  3.30 
32 38 34 44 20 32 

2 
6 
1 
 1.12  2.35  2.50  2.65  2.95  3.30 
45 45 39 49 49 20 

2 
6 
2 
 1.45  2.35  2.50  2.65  2.95  3.30 
27 28 48 32 32 32 

12 2 5 6 8 
3480 1647 2829 1650 2419 
 0.30