4 30 30
 
1 4 
 
 5.95  5.95  5.95  5.95  5.95  5.95  5.95  5.95  5.95  5.95  5.95  5.95  5.95  5.95  5.95  5.95  5.95 11.95 11.95 11.95 11.95 11.95 11.95 11.95 11.95 11.95 11.95 11.95 11.95 11.95 

2 
6 
1 
 1.12  1.45  2.35  2.65  2.95  3.30 
35 46 41 39 23 35 

3 
6 
2 
 1.45  2.35  2.50  2.65  2.95  3.30 
45 32 29 48 42 42 

3 
6 
2 
 1.12  1.45  2.50  2.65  2.95  3.30 
28 44 35 34 43 21 

2 
6 
2 
 1.12  1.45  2.50  2.65  2.95  3.30 
36 31 17 40 34 29 

12 2 5 6 8 
3600 3064 1853 874 1800 
 0.30