4 30 15
 
1 4 
 
 5.95  5.95  5.95  5.95  5.95  5.95  5.95  5.95  5.95  5.95  5.95  5.95  5.95  5.95  5.95  5.95  5.95 11.95 11.95 11.95 11.95 11.95 11.95 11.95 11.95 11.95 11.95 11.95 11.95 11.95 

1 
6 
2 
 1.12  2.35  2.50  2.65  2.95  3.30 
44 37 19 48 18 34 

1 
6 
2 
 1.12  1.45  2.35  2.65  2.95  3.30 
30 25 46 44 32 20 

2 
6 
1 
 1.12  1.45  2.35  2.50  2.95  3.30 
47 34 37 27 19 45 

1 
6 
2 
 1.45  2.35  2.50  2.65  2.95  3.30 
50 41 31 20 41 38 

12 2 5 6 8 
1800 392 437 562 1647 
 0.30