6 15 62
 
1 4 
 
 5.95  5.95  5.95  5.95  5.95 11.95 11.95 11.95 11.95 11.95 11.95 11.95 11.95 11.95 11.95 

2 
6 
1 
 1.12  1.45  2.50  2.65  2.95  3.30 
35 31 38 39 40 38 

3 
6 
1 
 1.12  1.45  2.35  2.65  2.95  3.30 
25 37 36 35 46 26 

1 
6 
1 
 1.12  1.45  2.35  2.50  2.95  3.30 
19 30 32 29 42 38 

3 
6 
3 
 1.12  1.45  2.35  2.65  2.95  3.30 
28 22 36 25 18 42 

1 
6 
2 
 1.12  1.45  2.35  2.50  2.65  2.95 
31 47 30 43 30 44 

3 
6 
2 
 1.12  1.45  2.35  2.65  2.95  3.30 
36 22 23 30 42 45 

12 2 5 6 8 
5580 1614 1724 4146 3326 
 0.30