7 15 86
 
1 4 
 
 5.95  5.95  5.95  5.95  5.95  5.95  5.95 11.95 11.95 11.95 11.95 11.95 11.95 11.95 11.95 

3 
6 
2 
 1.12  1.45  2.35  2.65  2.95  3.30 
50 46 49 40 30 48 

2 
6 
1 
 1.12  1.45  2.50  2.65  2.95  3.30 
47 35 31 35 41 17 

3 
6 
1 
 1.12  1.45  2.35  2.50  2.95  3.30 
49 30 45 37 29 46 

3 
6 
2 
 1.45  2.35  2.50  2.65  2.95  3.30 
19 23 20 32 17 48 

2 
6 
1 
 1.12  1.45  2.35  2.65  2.95  3.30 
37 25 45 46 49 33 

1 
6 
1 
 1.12  1.45  2.50  2.65  2.95  3.30 
38 38 28 44 50 50 

1 
6 
1 
 1.12  1.45  2.35  2.50  2.95  3.30 
18 40 50 26 21 40 

12 2 5 6 8 
5160 4147 2461 2760 1674 
 0.30