
cwp001,1,15,3,19,10,12

cwp002,1,15,6,115,10,12

cwp003,1,15,3,24,10,12

cwp004,1,15,5,76,10,12

cwp005,1,15,5,48,10,12

cwp006,1,30,3,88,10,12

cwp007,1,30,3,22,10,12

cwp008,1,30,3,46,10,12

cwp009,1,30,3,135,10,12

cwp010,1,30,3,75,10,12

cwp011,2,15,15,130,10,12

cwp012,2,15,11,70,10,12

cwp013,2,15,12,156,10,12

cwp014,2,15,17,241,10,12

cwp015,2,15,9,59,10,12

cwp016,2,30,6,101,10,12

cwp017,2,30,6,62,10,12

cwp018,2,30,8,115,10,12

cwp019,2,30,6,188,10,12

cwp020,2,30,5,132,10,12

cwp021,3,15,18,115,10,12

cwp022,3,15,20,123,10,12

cwp023,3,15,27,201,10,12

cwp024,3,15,30,188,10,12

cwp025,3,15,18,124,10,12

cwp026,3,30,9,250,10,12

cwp027,3,30,11,88,10,12

cwp028,3,30,15,232,10,12

cwp029,3,30,14,229,10,12

cwp030,3,30,14,266,10,12

cwp031,4,15,21,284,10,12

cwp032,4,15,21,234,10,12

cwp033,4,15,30,284,10,12

cwp034,4,15,27,108,10,12

cwp035,4,15,35,319,10,12

cwp036,4,30,6,77,10,12

cwp037,4,30,15,263,10,12

cwp038,4,30,14,210,10,12

cwp039,4,30,15,314,10,12

cwp040,4,30,20,353,10,12

cwp041,5,15,39,390,10,12

cwp042,5,15,24,168,10,12

cwp043,5,15,54,425,10,12

cwp044,5,15,44,448,10,12

cwp045,5,15,39,320,10,12

cwp046,5,30,15,331,10,12

cwp047,5,30,20,454,10,12

cwp048,5,30,14,98,10,12

cwp049,5,30,23,324,10,12

cwp050,5,30,20,281,10,12

cwp001,4.2,0,0,0.188011

cwp002,10.4,0,0,0.854049

cwp003,6.2,0,0,0.280016

cwp004,4.95,0,0,0.342019

cwp005,4.5,252,0,0.769044

cwp006,8,0,0,0.457026

cwp007,3.25,0,0,0.198011

cwp008,3.3,0,0,0.300017

cwp009,4,0,0,0.444025

cwp010,3.2,0,0,0.292017

cwp011,17.15,2500,0,17.521

cwp012,14.65,2442,0,6.14735
