5 30 26
 
1 4 
 
 5.95  5.95  5.95  5.95  5.95  5.95  5.95  5.95  5.95  5.95  5.95  5.95  5.95 11.95 11.95 11.95 11.95 11.95 11.95 11.95 11.95 11.95 11.95 11.95 11.95 11.95 11.95 11.95 11.95 11.95 

2 
5 
2 
 1.12  1.45  2.35  2.95  3.30 
30 18 36 42 27 

2 
5 
1 
 1.12  1.45  2.50  2.95  3.30 
43 23 47 40 39 

3 
4 
1 
 1.12  2.35  2.50  2.65 
41 33 37 24 

2 
5 
2 
 1.12  1.45  2.35  2.50  2.65 
24 46 46 26 37 

3 
5 
3 
 1.12  1.45  2.35  2.95  3.30 
45 36 36 48 36 

12 2 5 6 8 
2340 297 294 347 287 
 0.30